$ 1 5e-12 32.755850052045055 52 5 50 5e-11
v 768 608 768 496 0 2 25000000 1.65 1.65 0 0.5
r 1632 496 1744 496 0 100
w 976 496 976 528 0
w 976 576 976 608 0
w 976 608 928 608 0
g 768 608 768 624 0 0
w 928 608 768 608 0
w 1584 528 1584 496 0
w 1584 576 1584 608 0
w 1584 608 1632 608 0
x 815 286 1114 289 4 12 https://www.eeweb.com/tools/rectangle-loop-inductance/
x 816 305 1027 308 4 12 W\s\q\s50mm,\sL\s\q\s3mm,\sd\s\q\s0.5mm,\sN\s\q\s1
c 976 528 976 576 0 5e-12 1.6395449674296083 0.001
w 1792 608 1632 608 0
w 1296 576 976 576 0
w 1296 576 1584 576 0
l 1232 352 1312 352 0 5.0000000000000004e-8 0.016993323469719403 0
w 1296 576 1296 400 0
171 1312 352 1824 352 0 1e-9 50 48 0
w 1296 400 1312 400 0
w 1824 352 1824 336 0
r 1888 336 1888 416 0 7600
w 1824 400 1824 416 0
w 1824 416 1888 416 0
w 1824 336 1888 336 0
c 1952 336 1952 416 0 1e-11 1.4617379728548963 0.001
w 1888 336 1952 336 0
w 1888 416 1952 416 0
w 1952 336 2016 336 0
w 1952 416 2016 416 0
p 2016 336 2016 416 1 0 0
w 2096 336 2016 336 0
w 2096 416 2016 416 0
w 1280 960 1792 960 0
w 1280 1008 1792 1008 0
r 1232 528 1232 352 0 50
w 784 448 736 448 0
c 1584 528 1584 576 0 5e-12 1.6396279859690066 0.001
r 976 528 1232 528 0 0.005
r 1312 528 1584 528 0 0.005
w 1232 528 1312 528 0
v 1792 608 1792 496 0 2 25000000 1.65 1.65 0 0.5
423 1123 298 1249 338 0
b 1185 232 2145 474 0
x 1201 254 1321 257 4 12 Probe\sand\sLA\sfrontend
w 1792 496 1744 496 0
x 831 675 916 678 4 24 SD\shost
x 1640 674 1726 677 4 24 SD\scard
r 816 496 928 496 0 70
r 928 496 928 608 0 1000000
w 976 496 928 496 0
r 1632 496 1632 608 0 1000000
w 1584 496 1632 496 0
x 816 270 979 273 4 12 Wire\sloop\sat\sprobe\sattach\spoint
x 924 414 1106 417 4 12 Series\stermination\sfor\sprobe\stx\sline
423 1121 415 1215 439 0
x 1080 624 1492 627 4 12 Keep\sSD\shost\sto\scard\sdistance\ssmall\senough\sto\suse\savoid\sdistributed\sbehavior
o 0 64 0 4099 5 0.05 0 2 41 0 SD\shost\sdriver
o 41 64 0 4098 5 0.1 1 2 41 3 SD\scard\sdriver
o 49 64 0 4098 5 0.1 2 2 49 3 SD\shost\srecv
o 51 64 0 4098 5 0.1 3 2 51 3 SD\scard\srecv
o 30 64 0 4098 10 0.1 4 1 Logic\sAnalyzer
